a = 0,99
0,0001
0,0201
0,115
0,297
0,554
0,872
1,24
1,65
2,09
2,56
3,05
3,57
4,11
4,66
5,23
5,81
6,41
7,01
7,63
8,26
8,90
9,54
10,2
10,9
11,5
12,2
12,9
13,6
14,3
15,0
22,2
29,7
37,5
45,4
53,5
61,8
a = 0,95
0,0039
0,103
0,352
0,711
1,15
1,64
2,17
2,73
3,33
3,94
4,57
5,23
5,89
6,57
7,26
7,96
8,67
9,39
10,1
10,9
11,6
12,3
13,1
13,8
14,6
15,4
16,2
16,9
17,7
18,5
26,5
34,8
43,2
51,7
60,4
69,1
a = 0,90
0,0158
0,211
0,584
1,06
1,61
2,20
2,83
3,49
4,17
4,87
5,58
6,30
7,04
7,79
8,55
9,31
10,1
10,9
11,7
12,4
13,2
14,0
14,8
15,7
16,5
17,3
18,1
18,9
19,8
20,6
29,1
37,7
46,5
55,3
64,3
73,3
a = 0,50
0,455
1,39
2,37
3,36
4,35
5,35
6,35
7,34
8,34
9,34
10,3
11,3
12,3
13,3
14,3
15,3
16,3
17,3
18,3
19,3
20,3
21,3
22,3
23,3
24,3
25,3
26,3
27,3
28,3
29,3
39,3
49,3
59,3
69,3
79,3
99,3
a = 0,10
2,71
4,61
6,25
7,78
9,24
10,6
12,0
13,4
14,7
16,0
17,3
18,5
19,8
21,1
22,3
23,5
24,8
26,0
27,2
28,4
29,6
30,8
32,0
33,2
34,4
35,6
36,7
37,9
39,1
40,3
51,8
63,2
74,4
85,5
96,6
107,5
a = 0,05
3,84
5,99
7,81
9,49
11,1
12,6
14,1
15,5
16,9
18,3
19,7
21,0
22,4
23,7
25,0
26,3
27,6
28,9
30,1
31,4
32,7
33,9
35,2
36,4
37,7
38,9
40,1
41,3
42,6
43,8
55,6
67,5
79,1
90,5
101,9
113,3
a = 0,01
6,64
9,21
11,3
13,3
15,1
16,8
18,5
20,1
21,7
23,2
24,7
26,2
27,7
29,1
30,6
32,0
33,4
34,8
36,2
37,6
38,9
40,3
41,6
43,0
44,3
45,6
47,0
48,3
49,6
50,6
63,7
76,1
88,4
100,4
112,3
124,1